66000
67000
76000
79000
63000
62000
62000
83000
87000
66000
56000
76000
73000
76000
71000
50000
57000
58000
63000
73000
68000
62000
76000
67000
73000
82000
64000
66000
74000
64000
61000
52000
76000
76000
76000
60000
80000
73000
56000
72000
57000
69000
92000
57000
72000
60000
63000
54000
55000
76000
64000
61000
59000
81000
65000
85000
64000
82000
73000
66000
49000
53000
88000
87000
82000
68000
74000
70000
78000
74000
59000
78000
67000
66000
46000
94000
64000
77000
77000
80000
